0.4
0.959976
0.153684475
0.520249223
0.998334917
0.006649077
0.026418805
0.102880834
0.369176241
0.931517288
0.255164942
0.760204172
0.729156926
0.789928664
0.663748884
0.892722893
0.383065341
0.945281509
0.206892337
0.656335183
0.902214686
0.352884562
0.913405356
0.316376137
0.865107479
0.466774445
0.99555936
0.017683239
0.069480431
0.258605138
0.766894909
0.715050554
0.814992661
0.603103416
0.957454805
0.162936331
0.545538692
0.991680117
0.033001823
0.127647621
0.445403689
0.988052269
0.04721875
0.179952058
0.590262503
0.967386537
0.126196146
0.441071688
0.986085163
0.054883483
0.207479959
0.65771166
0.900485617
0.358436122
0.919815678
0.295011811
0.831898571
0.559359369
0.985881214
0.055676393
0.210300872
0.664281055
0.892024639
0.385257097
0.947312582
0.199640826
0.639121488
0.922557782
0.28577254
0.816405971
0.599534057
0.960347877
0.152315521
0.516449102
0.998892735
0.004424044
0.017617448
0.069226562
0.257730538
0.765202901
0.718651718
0.808745485
0.618689433
0.943627682
0.212772598
0.669984929
0.884398385
0.408941302
0.966809083
0.12835391
0.447505546
0.988952605
0.043700309
0.167158187
0.55685139
0.987047001
0.051139596
0.194092498
0.625666759
0.936808042
0.236789019
0.722861845
0.801310358
0.636832351
0.925084503
0.277205731
0.801430819
0.636541932
0.925402067
0.276125422
0.799500705
0.64118128
0.920248378
0.293557864
0.82950584
0.565689463
0.982715009
0.067943181
0.253301288
0.756540069
0.736730354
0.775815562
0.695685711
0.846807239
0.518885982
0.998548314
0.005798168
0.023057621
0.090101616
0.327925059
0.88153882
0.417702072
0.972883882
0.1055207
0.377534888
0.939985685
0.225644746
0.698899306
0.841735221
0.532854834
0.995657347
0.017294744
0.067980843
0.253431454
0.756796889
0.736203026
0.776813101
0.693480692
0.850239631
0.509316069
0.999627852
0.001488001
0.005942997
0.02363012
0.092284642
0.33506437
0.891162673
0.387957354
0.949762038
0.190851667
0.617693789
0.944569073
0.20942812
0.662255373
0.894670408
0.376931652
0.939393242
0.227728623
0.703455603
0.83440241
0.552686295
0.988871895
0.044015981
0.168310088
0.559913212
0.985616987
0.05670315
0.213946262
0.672676218
0.880709676
0.420230064
0.974522665
0.099310477
0.357782681
0.919073959
0.297500631
0.835955122
0.54852291
0.990557344
0.037413033
0.144049592
0.493184897
0.999789222
0.000842913
0.003368724
0.013429168
0.052993976
0.200737441
0.641751639
0.919602901
0.295726229
0.833068079
0.556248713
0.987319646
0.050077
0.19027242
0.616259897
0.945910897
0.204648771
0.65105433
0.908707639
0.331823968
0.886845118
0.401393385
0.961082914
0.149606444
0.508884702
0.999659256
0.001362477
0.005442345
0.021650363
0.084724382
0.31017689
0.855847351
0.493478313
0.999804875
0.00078033
0.003118804
0.012435999
0.049124152
0.186839208
0.607706081
0.953573761
0.177078947
0.582873402
0.972503684
0.106958401
0.382063653
0.944340463
0.210240955
0.664142179
0.892207074
0.384684827
0.946785973
0.20152414
0.643632552
0.917455823
0.30291497
0.844608848
0.524965844
0.997481889
0.01004683
0.039782571
0.152795851
0.51778417
0.998709925
0.005153515
0.020507311
0.080345035
0.295551454
0.832782347
0.557009711
0.986974896
0.051420516
0.195100908
0.628130472
0.934306971
0.245503683
0.740907975
0.767834193
0.713041553
0.818432725
0.594387539
0.964339861
0.137550535
0.474509679
0.997376039
0.010468041
0.04143281
0.158860556
0.534482157
0.995219042
0.019031925
0.074676975
0.276394388
0.799982121
0.640026906
0.921546823
0.289185874
0.822209062
0.584710664
0.971272131
0.111607523
0.396595221
0.957205876
0.163847052
0.547991082
0.990762654
0.036607153
0.141064751
0.484649833
0.999032513
0.003866107
0.015404256
0.060666342
0.227938051
0.703911585
0.83365942
0.554671699
0.98801932
0.047347388
0.180417942
0.591454446
0.966520174
0.129432475
0.450707569
0.990256268
0.038594203
0.14841505
0.505539454
0.999852261
0.000590854
0.002361963
0.009425299
0.037344917
0.143797501
0.492466808
0.99974801
0.001007682
0.004026565
0.016041006
0.06313319
0.236583645
0.722429235
0.80208089
0.63497267
0.927106335
0.270313955
0.788957559
0.665997466
0.889757121
0.392347738
0.953620121
0.176910721
0.582438709
0.972791117
0.105871594
0.378641731
0.941065155
0.221840569
0.690492061
0.854829727
0.49637105
0.999922324
0.000310671
0.001242268
0.004962775
0.01975209
0.077445845
0.285784798
0.816426978
0.599480884
0.960390205
0.152159634
0.516015417
0.998949051
0.004199272
0.016726134
0.065783836
0.245819145
0.741549833
0.766595547
0.715689364
0.813892045
0.605871988
0.955140609
0.171383819
0.568031421
0.981462366
0.072774141
0.269905514
0.788206404
0.66773158
0.887442281
0.399543926
0.959610318
0.155029547
0.523968446
0.997677112
0.009269738
0.03673432
0.1415361
0.486002378
0.999191286
0.003232159
0.012886528
0.05088059
0.193162194
0.623386658
0.939079453
0.228831215
0.705852314
0.830478536
0.563121671
0.984038017
0.062827221
0.235513957
0.720170527
0.806079604
0.625245472
0.937230856
0.235310831
0.719740581
0.806836137
0.623390756
0.939075408
0.228845424
0.705883135
0.830427777
0.563255855
0.983970187
0.063089854
0.236432187
0.722109979
0.802648562
0.63359955
0.928581425
0.265265215
0.779578833
0.68732552
0.859615107
0.482695832
0.998777293
0.004884726
0.019442975
0.076257876
0.281763406
0.809470919
0.616895578
0.945318061
0.206762127
0.656029799
0.902596242
0.351656272
0.911953754
0.321168388
0.872055217
0.446288505
0.98843559
0.045721556
0.174520019
0.576236722
0.97672743
0.090921557
0.330611044
0.885207396
0.406450888
0.96497013
0.135207733
0.467694715
0.995800579
0.016726727
0.065786128
0.245827109
0.741566026
0.766564255
0.715756097
0.813776882
0.606161119
0.954895394
0.172276414
0.570374745
0.980165076
0.077764055
0.286860054
0.818264996
0.594814698
0.964016591
0.138750944
0.477984528
0.998036325
0.007839082
0.031109745
0.120564701
0.424104814
0.976935259
0.090128782
0.328014139
0.881661412
0.417327834
0.972636935
0.106454649
0.380478715
0.942835078
0.215582984
0.676410934
0.875494841
0.436003596
0.983593251
0.064548658
0.241522478
0.732739164
0.783310342
0.678924027
0.871922972
0.446682045
0.988604067
0.045063136
0.172125496
0.569978988
0.980387255
0.076910419
0.283973727
0.813310264
0.607331531
0.953895921
0.175909572
0.579847082
0.974473412
0.09949744
0.358381837
0.919754189
0.295218304
0.832237021
0.558460286
0.986304922
0.054028741
0.204433435
0.650545358
0.909321647
0.329814913
0.884126041
0.409778495
0.967416134
0.126085479
0.440740705
0.985928695
0.055491826
0.209644691
0.662758609
0.89401619
0.378995493
0.941408102
0.220630036
0.687792497
0.858914439
0.484709583
0.999039836
0.003836873
0.015288222
0.060216463
0.226356105
0.700458562
0.839244478
0.539639246
0.993690078
0.025079801
0.097800772
0.352934301
0.913463883
0.316182564
0.864822979
0.467605085
0.995777383
0.016818726
0.066141773
0.247061978
0.744070826
0.761698685
0.726037042
0.795609131
0.650444704
0.909442827
0.329418049
0.883585101
0.411439594
0.968604002
0.121638115
0.427358453
0.97886835
0.082738345
0.303563255
0.84562928
0.52214855
0.998012816
0.007932742
0.031478469
0.121947251
0.428293767
0.979408379
0.080668409
0.296636651
0.834552529
0.552284613
0.98904055
0.043356277
0.165901893
0.553499981
0.988526294
0.045367105
0.173231392
0.572874786
0.978732593
0.083258335
0.305297905
0.848343168
0.514615284
0.999120595
0.003514438
0.014007996
0.055245708
0.20876926
0.660722106
0.896651202
0.370662028
0.933063429
0.24981802
0.749617167
0.750746311
0.748486437
0.752999138
0.743947145
0.761940112
0.725531372
0.796522487
0.648281452
0.912027643
0.320924863
0.871706589
0.447325665
0.988876935
0.043996269
0.168238185
0.559722399
0.985708297
0.056348393
0.212687688
0.669789796
0.884663584
0.408125505
0.966212153
0.13058165
0.454108978
0.991551267
0.03350857
0.129539746
0.451025524
0.990381243
0.038103994
0.146604654
0.500434408
0.999974245
0.000103014
0.000412003
0.001647294
0.006578156
0.026138883
0.101820022
0.365801675
0.927940039
0.267462605
0.783685848
0.678072407
0.873139042
0.443057944
0.987005733
0.051300381
0.194669742
0.627078056
0.935381286
0.241766501
0.733243507
0.782370305
0.681051016
0.868860396
0.455756639
0.992145296
0.031171252
0.120795402
0.42480487
0.977358335
0.088513866
0.322708577
0.874249149
0.439739305
0.985449958
0.057351921
0.216245305
0.677916144
0.873361548
0.442393557
0.986701323
0.052485978
0.198919827
0.637386983
0.924476155
0.279272992
0.805098223
0.627644605
0.934804049
0.243775662
0.73737792
0.774587527
0.698389301
0.842545677
0.53063657
0.996220696
0.015059706
0.059330161
0.22323479
0.693586735
0.850075452
0.509775967
0.999592731
0.00162837
0.006502712
0.025841061
0.100690685
0.362199228
0.924020688
0.280818803
0.807818216
0.620976259
0.941435443
0.220533486
0.68757668
0.859238475
0.483778779
0.998922514
0.004305192
0.017146199
0.067407141
0.251447389
0.752867576
0.744213351
0.761420321
0.726619498
0.794554549
0.652934148
0.906421924
0.339276395
0.896649275
0.370668145
0.933069757
0.249796096
0.749573285
0.75083393
0.748310651
0.753348449
0.743239672
0.763318765
0.722634846
0.801714859
0.63585668
0.926148696
0.273582316
0.794920256
0.652071868
0.907473901
0.335851685
0.892199017
0.384710107
0.946809292
0.201440791
0.643433509
0.917684371
0.302151512
0.843402817
0.528284813
0.996774957
0.012858246
0.050770375
0.192766158
0.622413903
0.940035843
0.225468189
0.698511676
0.842351399
0.531168799
0.996089121
0.015581946
0.061355063
0.230356717
0.70915227
0.825000687
0.577483778
0.975960657
0.093843465
0.340138972
0.897755362
0.367153507
0.929384002
0.262510951
0.774376446
0.698852791
0.841809224
0.532652502
0.995710363
0.017084517
0.067168865
0.250622567
0.751224803
0.747525705
0.754905229
0.740074795
0.769437135
0.709596781
0.824256151
0.579417309
0.974747195
0.098457943
0.355047029
0.915931646
0.307995764
0.852516181
0.502916796
0.99994097
0.0002361
0.000944153
0.003772953
0.015034494
0.059232353
0.222889952
0.692822764
0.851256245
0.50646354
0.999807895
0.000768254
0.003070579
0.012244296
0.048376282
0.184139464
0.600913464
0.959241909
0.156383566
0.527697792
0.996906406
0.012335787
0.048733242
0.185428617
0.604164277
0.956575299
0.166151832
0.554167747
0.988238714
0.04649067
0.177312719
0.583477088
0.972102
0.108476094
0.386826453
0.948743274
0.194513034
0.626695185
0.935769925
0.240412279
0.730438599
0.787572518
0.669191458
0.885474865
0.405626372
0.964350364
0.137511519
0.474396545
0.997352918
0.010560036
0.041793043
0.160181533
0.538080184
0.994174743
0.023164713
0.090510175
0.3292641
0.883374924
0.412084367
0.969059139
0.119931099
0.422179967
0.975751775
0.094638628
0.342720063
0.901029559
0.356692253
0.917828613
0.301669459
0.84263892
0.530381022
0.996283066
0.014812102
0.058369354
0.219843995
0.6860333
0.861544905
0.477129197
0.997882758
0.008450827
0.033516804
0.129570471
0.451116578
0.990416883
0.037964174
0.146087929
0.49897251
0.999970777
0.000116885
0.000467474
0.001868974
0.007461737
0.029623499
0.114980915
0.407031041
0.965402955
0.133597019
0.462983848
0.994494355
0.021900784
0.085682416
0.313355923
0.860634437
0.479759216
0.998336284
0.006643628
0.026397299
0.102799358
0.368917376
0.931246101
0.256100799
0.762033667
0.725335295
0.796876097
0.647442147
0.913020428
0.317648564
0.86697014
0.461320131
0.993990621
0.02389247
0.093284146
0.338320398
0.895416439
0.374573995
0.937049842
0.235943843
0.721079356
0.804475561
0.629162801
0.933244552
0.249190402
0.748359473
0.753251456
0.743436214
0.762936166
0.723440204
0.800277893
0.639316764
0.922340298
0.286507528
0.817663416
0.596344907
0.962846564
0.143088657
0.490444911
0.99960981
0.001560111
0.006230553
0.024766312
0.096609353
0.349095216
0.908888262
0.331233277
0.886049021
0.403854517
0.963000109
0.142520033
0.488820072
0.999475049
0.002098648
0.008376765
0.033225549
0.128483236
0.447889978
0.989113454
0.043071039
0.164859578
0.550709822
0.989689313
0.040816487
0.156598092
0.52828731
0.996774392
0.012860491
0.050779125
0.192797602
0.622491184
0.93996014
0.225734658
0.69909661
0.841421123
0.533713123
0.995428815
0.018200702
0.071475958
0.265461944
0.779948102
0.686499077
0.860850855
0.479134664
0.998233595
0.007052965
0.028012182
0.108907276
0.38817622
0.949958019
0.19014637
0.615947513
0.946201041
0.203613432
0.648603794
0.911644858
0.322185988
0.87350687
0.441959423
0.986500503
0.053267712
0.20171601
0.644090541
0.91692874
0.304674087
0.847369966
0.517323494
0.998774616
0.004895406
0.019485278
0.076420496
0.282314558
0.810431932
0.6145127
0.947523677
0.198885261
0.637303723
0.924567636
0.278962315
0.804549253
0.628983286
0.933429911
0.248547834
0.747068555
0.755809621
0.738227295
0.772971698
0.70192826
0.836878989
0.546036535
0.991497762
0.033718958
0.1303247
0.453349357
0.991270088
0.034613938
0.133659912
0.463168179
0.994548803
0.021685382
0.084858382
0.310621983
0.856522453
0.491554672
0.999689713
0.001240732
0.004956647
0.019727823
0.077352611
0.285469602
0.815886436
0.600848018
0.959294726
0.156189513
0.527164216
0.997023495
0.011870284
0.046916348
0.178856345
0.587452326
0.969384128
0.118711195
0.418464928
0.973383793
0.103628549
0.371549402
0.933978425
0.24664474
0.743225868
0.763345625
0.722578263
0.801815621
0.635613432
0.926412827
0.272681587
0.793285524
0.655918008
0.90273573
0.351206945
0.911419722
0.322927178
0.874558998
0.438811259
0.984999126
0.059101913
0.222429947
0.691802167
0.852826394
0.502041591
0.999958328
0.000166677
0.000666579
0.002664473
0.010629228
0.042063937
0.161174221
0.540774846
0.993324814
0.026521848
0.103271178
0.370415706
0.932808323
0.250701556
0.751382358
0.747208959
0.755532034
0.738795048
0.771888402
0.70428918
0.833042898
0.556315805
0.987289437
0.050194762
0.190696223
0.61730926
0.944930526
0.208142104
0.659259393
0.898523319
0.364707538
0.926760629
0.271494675
0.791121488
0.660976593
0.896323738
0.371700686
0.934133791
0.246105254
0.742131279
0.765470638
0.718083409
0.809738264
0.616233426
0.945935514
0.204560957
0.650846815
0.908958229
0.331004393
0.885739795
0.404809123
0.963730694
0.139811879
0.481046045
0.998538026
0.0058392
0.023219833
0.090720422
0.32995266
0.8843135
0.409202304
0.966998938
0.127644776
0.445395215
0.988048568
0.047233201
0.180004401
0.590396506
0.967289704
0.126558167
0.442153736
0.986590574
0.052917132
0.200462624
0.641093413
0.920347586
0.293224298
0.828954513
0.567141536
0.981943507
0.07092005
0.263554995
0.77635563
0.6944929
0.84866883
0.513707346
0.999223453
0.003103696
0.012375945
0.048889901
0.185994063
0.605585946
0.955382547
0.17050268
0.565711922
0.982703205
0.067988763
0.253458829
0.756850883
0.736092093
0.777022668
0.69301644
0.85095734
0.507303098
0.999761664
0.000953091
0.003808637
0.015176146
0.059781829
0.224826228
0.697100153
0.844585004
0.525031574
0.997468744
0.010099143
0.039987602
0.153550537
0.519878082
0.998394487
0.006411581
0.025481254
0.099325355
0.357830371
0.919128208
0.297318749
0.835660351
0.549314783
0.990247452
0.038628777
0.148542666
0.505898322
0.999835843
0.000656505
0.002624231
0.010469115
0.041437015
0.158875985
0.534524262
0.995207421
0.019077965
0.074854115
0.276996979
0.801058584
0.63743898
0.924418996
0.279467075
0.805440779
0.626808051
0.935655481
0.240811187
0.731266355
0.786043841
0.672698867
0.880678388
0.420325351
0.974583436
0.099079773
0.35704296
0.918230182
0.30032655
0.84050104
0.536222761
0.994726778
0.020981137
0.082161662
0.301636953
0.842587342
0.53052239
0.996248628
0.014948823
0.058899949
0.221717436
0.690218003
0.855247063
0.495185716
0.999882293
0.000470761
0.00188211
0.007514082
0.029829735
0.115756794
0.409418399
0.967155715
0.127058977
0.443648881
0.987273523
0.050256799
0.190919439
0.617861381
0.944411168
0.209989604
0.663559291
0.892971108
0.382285275
0.944549359
0.20949823
0.662418327
0.894458787
0.377599623
0.940049089
0.225421563
0.698409267
0.842513988
0.530723404
0.996199384
0.015144306
0.059658332
0.224391253
0.696141869
0.846092316
0.520867414
0.998233248
0.007054347
0.028017634
0.108927862
0.388240624
0.950015616
0.189939031
0.615433397
0.946676856
0.201914097
0.644563063
0.916383174
0.306492549
0.85019821
0.50943212
0.999619149
0.001522784
0.00608171
0.024178286
0.094372426
0.34185654
0.899940085
0.360182709
0.921781456
0.288394405
0.820871766
0.588150536
0.968893709
0.120551744
0.424065483
0.976911373
0.090219914
0.328312916
0.882072128
0.416073155
0.971800843
0.109613118
0.390382571
0.951912278
0.183096593
0.598273966
0.961344876
0.148639906
0.506171683
0.999822645
0.000709276
0.00283502
0.01130765
0.044718029
0.170869037
0.566677068
0.982192119
0.069961293
0.260260336
0.770080321
0.708208774
0.826575761
0.573378756
0.978437771
0.084387086
0.309055897
0.854140044
0.498326858
0.999963803
0.00014478
0.000579024
0.002314695
0.009237119
0.036606263
0.141061452
0.484640358
0.999031349
0.003870753
0.015422696
0.060737829
0.228189275
0.704458108
0.832766708
0.557051345
0.986955902
0.051494512
0.195366426
0.628777822
0.933641748
0.247813141
0.745588512
0.758726162
0.732224786
0.784266988
0.676752198
0.875012766
0.437450766
0.984325764
0.061712673
0.231611086
0.711851768
0.820454802
0.589220148
0.968134857
0.123395938
0.432666706
0.981840364
0.071317673
0.264919226
0.778928645
0.688778024
0.857429994
0.488962973
0.999487748
0.002047906
0.008174643
0.032430464
0.125511777
0.439023308
0.985102744
0.058699843
0.221011161
0.688643695
0.857632784
0.488382959
0.999435191
0.002257904
0.009010998
0.035718307
0.137766594
0.475135959
0.99750218
0.009966076
0.039466025
0.151630042
0.514540626
0.999129302
0.003479673
0.013869912
0.054708783
0.206857757
0.656254095
0.902316073
0.352558295
0.913020949
0.317646843
0.866967629
0.461327502
0.993992901
0.023883457
0.093249818
0.338208703
0.895271922
0.375031055
0.937507613
0.234342496
0.71768642
0.810430229
0.614516929
0.947519804
0.198899129
0.637337128
0.92453094
0.279086947
0.804769573
0.628446318
0.933982824
0.24662947
0.743194917
0.763405844
0.722451384
0.802041476
0.63506791
0.927003463
0.270665403
0.789602829
0.664504192
0.891731189
0.386177046
0.948153637
0.196628356
0.631846787
0.930442438
0.25887076
0.767407572
0.713954913
0.816872759
0.598351659
0.961283772
0.148865406
0.506805316
0.999789755
0.000840781
0.003360212
0.013395349
0.052862332
0.200266618
0.640623584
0.920877008
0.29144289
0.825995077
0.574894467
0.977538836
0.087824445
0.320437236
0.87100708
0.449403751
0.989735334
0.040636194
0.155935676
0.526465802
0.997173315
0.011274496
0.044588413
0.170396885
0.565433011
0.982849512
0.067423708
0.251504719
0.752981557
0.743982727
0.761870668
0.725676871
0.796259893
0.648904081
0.911287516
0.323362234
0.875174519
0.436965398
0.984081953
0.062657084
0.234918824
0.718909906
0.808293604
0.61980472
0.942563752
0.216543888
0.678593566
0.872395542
0.445275109
0.987996045
0.047438256
0.180746952
0.592295158
0.965902267
0.131737016
0.457518062
0.99275632
0.028764117
0.111744176
0.397019736
0.957556322
0.162564786
0.544536292
0.992041273
0.031580753
0.122330578
0.429452496
0.980067696
0.078138075
0.288122862
0.820411802
0.589330375
0.968056135
0.123690727
0.433554484
0.982315415
0.069485623
0.258623021
0.766929441
0.714976818
0.815119492
0.602783754
0.957718056
0.161972674
0.542936533
0.992601001
0.029376281
0.11405041
0.404161552
0.963235886
0.141646513
0.486318955
0.999226335
0.003092189
0.012330202
0.048711456
0.185349965
0.603966323
0.956740096
0.1655498
0.552558441
0.988925718
0.043805476
0.167542036
0.557872861
0.986578263
0.052965053
0.200634007
0.641503971
0.919883507
0.294783991
0.83152477
0.560351298
0.985406247
0.057521662
0.216846259
0.679278853
0.871414586
0.448193616
0.989239663
0.042577145
0.163053249
0.545853901
0.991564889
0.033455001
0.129339823
0.450432873
0.990147645
0.039020168
0.149986628
0.509949808
0.999579015
0.001683188
0.006721253
0.026703644
0.103959637
0.372598808
0.935052368
0.242911674
0.73560398
0.77794361
0.690972125
0.854097237
0.498448125
0.999965367
0.000138524
0.000554005
0.002214736
0.008839102
0.035043014
0.135256622
0.467837377
0.995837366
0.016580811
0.065221919
0.243865985
0.737563025
0.77423588
0.699161248
0.841318155
0.533994317
0.995352661
0.018502501
0.07263882
0.269442949
0.787354101
0.669693739
0.884794019
0.407724057
0.965916453
0.131684144
0.457362286
0.992703283
0.028973174
0.112532104
0.399464532
0.959546489
0.155264215
0.524615837
0.997551303
0.00977056
0.038699417
0.14880337
0.506631042
0.999799122
0.000803333
0.003210668
0.01280112
0.050547741
0.191965869
0.620444385
0.941949051
0.218718677
0.683506182
0.865280293
0.466269574
0.995424147
0.018219202
0.071547261
0.265706358
0.780406446
0.685471763
0.862379341
0.474712986
0.997417332
0.010303735
0.040789253
0.156498048
0.528012434
0.996836293
0.012614478
0.049820166
0.189347733
0.613965327
0.948023915
0.197093357
0.632974438
0.929247963
0.26297817
